1, 1 -359.88 144.85 3 11;
2, 2 525.33 -85.24 13 6;
3, 3 -378.05 166.18 3 12;
4, 4 499.17 -194.75 13 4;
5, 5 -392.76 170.01 3 12;
6, 6 553.35 -69.11 13 7;
7, 7 -40.71 -144.44 7 5;
8, 8 -405.76 166.14 2 12;
9, 9 -416.27 155.13 2 12;
10, 10 533.78 -71.19 13 7;
11, 11 -371.15 135.41 3 11;
12, 12 -49.86 281.44 7 15;
13, 13 547.97 -60.46 13 7;
14, 14 -395.92 137.43 3 11;
15, 15 -386.9 140.03 3 11;
16, 16 559.65 -52.13 14 7;
17, 17 -401.18 152.74 2 12;
18, 18 -389.94 156.08 3 12;
19, 19 503.82 -54.2 13 7;
20, 20 -455.27 70.06 2 10;
21, 21 421.93 229.07 12 13;
22, 22 514.81 -45.63 13 7;
23, 23 445.51 233.96 12 13;
24, 24 430.94 207.37 12 13;
25, 25 526.15 -36.85 13 7;
26, 26 453.72 225.81 12 13;
27, 27 538.47 -27.31 13 8;
28, 28 470.62 198.08 13 13;
29, 29 -263.57 11.72 4 9;
30, 30 475.52 215.41 13 13;
31, 31 487.35 71.88 13 10;
32, 32 486.52 177.69 13 12;
33, 33 488.5 62.43 13 10;
34, 34 494.15 204.3 13 13;
35, 35 518.19 55.1 13 9;
36, 36 518.38 -155.59 13 5;
37, 37 511.5 195.76 13 13;
38, 38 505.94 40.23 13 9;
39, 39 527.32 190.13 13 12;
40, 40 475.14 -96.51 13 6;
41, 41 543.09 181.73 13 12;
42, 42 518.67 24.34 13 9;
43, 43 497.87 50.59 13 9;
44, 44 557.21 169.81 14 12;
45, 45 541.21 -78.21 13 7;
46, 46 567.09 156.97 14 12;
47, 47 527.35 13.3 13 9;
48, 48 1064.81 -29.49 19 8;
49, 49 565.12 141.25 14 11;
50, 50 537.42 1.01 13 8;
51, 51 1007.57 -69.39 19 7;
52, 52 542.68 141.22 13 11;
53, 53 39.14 -165.7 8 5;
54, 54 532.5 152.07 13 12;
55, 55 511.55 95.41 13 10;
56, 56 87.53 -91.35 8 6;
57, 57 519.98 159.85 13 12;
58, 58 411.28 13.14 12 9;
59, 59 29.13 -0.89 7 8;
60, 60 506.07 164.44 13 12;
61, 61 -11.94 56.61 7 10;
62, 62 445.29 99.65 12 10;
63, 63 460.41 94.59 12 10;
64, 64 416.92 -14.83 12 8;
65, 65 -0.56 -124.21 7 5;
66, 66 466.63 102.24 12 11;
67, 67 58.72 122.33 8 11;
68, 68 476.94 107.93 13 11;
69, 69 343.69 -6.13 11 8;
70, 70 61.96 65.21 8 10;
71, 71 733.09 -268.4 16 2;
72, 72 347.83 -15.53 11 8;
73, 73 728.24 -297.17 15 2;
74, 74 334.61 -101.31 11 6;
75, 75 354. -10.43 11 8;
76, 76 379.13 95.45 11 10;
77, 77 359.9 -5.32 11 8;
78, 78 283.81 -229.46 10 3;
79, 79 356.33 95.1 11 10;
80, 80 339.55 120.17 11 11;
81, 81 341.16 -28.83 11 8;
82, 82 329.55 136.12 11 11;
83, 83 348.55 -24.2 11 8;
84, 84 317.81 148.1 11 12;
85, 85 311.01 155.78 11 12;
86, 86 341.33 -38.61 11 7;
87, 87 508.8 -272.19 13 2;
88, 88 293.98 191.29 10 13;
89, 89 342.63 -48.95 11 7;
90, 90 505.25 -250.48 13 3;
91, 91 314.04 214.33 11 13;
92, 92 -627.62 57.54 0 10;
93, 93 343.21 -65.06 11 7;
94, 94 303.13 205.21 11 13;
95, 95 -662.21 56.98 0 10;
96, 96 344.26 -79.18 11 6;
97, 97 -174.34 292.77 5 15;
98, 98 298.69 221.61 11 13;
99, 99 210.97 339.15 10 16;
100, 100 352.96 -75.01 11 7;
101, 101 -140.57 305.79 5 15;
102, 102 210.66 317.95 10 15;
103, 103 364.34 -69.01 11 7;
104, 104 -38.58 -45.13 7 7;
105, 105 207.14 313.58 9 15;
106, 106 212.24 299.27 10 15;
107, 107 372.9 -77.27 11 7;
108, 108 208.91 290.23 10 15;
109, 109 -252.29 -155.45 4 5;
110, 110 362.77 -91.85 11 6;
111, 111 122.1 212.83 9 13;
112, 112 -260.97 -125.98 4 5;
113, 113 100.37 208.46 8 13;
114, 114 373.54 -90.05 11 6;
115, 115 363.73 -101.41 11 6;
116, 116 28.87 341.35 7 16;
117, 117 32.63 326.07 7 16;
118, 118 344.89 -92.84 11 6;
119, 119 36.1 314.13 8 15;
120, 120 351.34 -105.07 11 6;
121, 121 51.46 270.1 8 14;
122, 122 58.28 248.66 8 14;
123, 123 393.85 -95.43 12 6;
124, 124 -443.44 72.05 2 10;
125, 125 63.24 231.92 8 13;
126, 126 -383.39 64.82 3 10;
127, 127 410.03 -100.61 12 6;
128, 128 70.15 187.5 8 12;
129, 129 -360.93 70.61 3 10;
130, 130 77.76 152.39 8 12;
131, 131 436.43 -100.44 12 6;
132, 132 -419.08 70.93 2 10;
133, 133 82.52 129.43 8 11;
134, 134 -436.81 -14.99 2 8;
135, 135 452.58 -98.19 12 6;
136, 136 85.29 108.29 8 11;
137, 137 -468.49 36.12 2 9;
138, 138 102.17 112.19 8 11;
139, 139 471.59 -74.35 13 7;
140, 140 -487.71 57.35 2 10;
141, 141 152.79 141.65 9 11;
142, 142 -472.12 151.63 2 12;
143, 143 477.37 -71.02 13 7;
144, 144 144.28 123.83 9 11;
145, 145 -611.15 30.26 0 9;
146, 146 454.55 -72.92 12 7;
147, 147 128.15 291.53 9 15;
148, 148 147.98 110.22 9 11;
149, 149 151.65 99.49 9 10;
150, 150 469.77 -59. 13 7;
151, 151 155.15 89.21 9 10;
152, 152 -159.58 132.31 5 11;
153, 153 454.84 -62.16 12 7;
154, 154 162.06 72.88 9 10;
155, 155 165.61 55.49 9 9;
156, 156 476.53 -59.9 13 7;
157, 157 170.14 34.43 9 9;
158, 158 467.77 -47.97 12 7;
159, 159 184.15 7.19 9 8;
160, 160 457.66 -38.57 12 7;
161, 161 171.67 -29.32 9 8;
162, 162 156.46 -0.5 9 8;
163, 163 366.1 -12.32 11 8;
164, 164 156.02 13.6 9 9;
165, 165 150.54 31.13 9 9;
166, 166 369.41 -4.94 11 8;
167, 167 145.19 50.77 9 9;
168, 168 141.1 66.94 9 10;
169, 169 139.49 84.4 9 10;
170, 170 136.78 94.89 9 10;
171, 171 133.38 105.83 9 11;
172, 172 128.54 119.8 9 11;
173, 173 108.84 64.33 8 10;
174, 174 140.94 -11.87 9 8;
175, 175 161.51 -54.77 9 7;
176, 176 381.05 -41.24 11 7;
177, 177 111.01 -12.2 8 8;
178, 178 108.85 -33.69 8 8;
179, 179 384.48 -64.61 12 7;
180, 180 79.04 -18.26 8 8;
181, 181 87.69 -45.28 8 7;
182, 182 392.11 -66.31 12 7;
183, 183 107.61 -62.08 8 7;
184, 184 397.34 -59.19 12 7;
185, 185 121.46 -107.3 9 6;
186, 186 404.39 -59.1 12 7;
187, 187 120.14 -111.94 8 6;
188, 188 413.63 -53.95 12 7;
189, 189 138.26 -130.93 9 5;
190, 190 432.36 -64.07 12 7;
191, 191 120.76 -144.48 8 5;
192, 192 408.24 -64.95 12 7;
193, 193 105.48 -119.1 8 6;
194, 194 91.98 -130.84 8 5;
195, 195 416.85 -65.55 12 7;
196, 196 57.63 -81.02 8 6;
197, 197 42.89 -92.84 8 6;
198, 198 419.15 -60.16 12 7;
199, 199 64.64 -152.86 8 5;
200, 200 427.3 -52.32 12 7;
201, 201 49.76 -180.99 8 4;
202, 202 -463.53 173.34 2 12;
203, 203 78.49 -173.99 8 4;
204, 204 94.65 -185.5 8 4;
205, 205 -487.49 144.04 2 11;
206, 206 247.56 -27.52 10 8;
207, 207 -487.87 161.03 2 12;
208, 208 257.26 20.8 10 9;
209, 209 267.32 -19.79 10 8;
210, 210 -485.9 125.47 2 11;
211, 211 542.85 -248.96 13 3;
212, 212 281.56 -48.81 10 7;
213, 213 539.63 -219.15 13 3;
214, 214 264.02 -64.58 10 7;
215, 215 305.12 -78.11 11 7;
216, 216 535.32 -204.75 13 4;
217, 217 304.44 -67.66 11 7;
218, 218 529.03 -188.32 13 4;
219, 219 306.67 -47.39 11 7;
220, 220 324.27 -47.17 11 7;
221, 221 523.59 -173.23 13 4;
222, 222 325.46 -68.17 11 7;
223, 223 305.71 -122.08 11 6;
224, 224 514.84 -128.55 13 5;
225, 225 307.07 -105.79 11 6;
226, 226 513.65 -107.33 13 6;
227, 227 307.56 23.63 11 9;
228, 228 287.67 41.99 10 9;
229, 229 566.92 -2.09 14 8;
230, 230 231.81 150.94 10 13;
231, 231 577.17 -14.16 14 8;
232, 232 262.43 136.82 10 13;
233, 233 260.75 126.97 10 12;
234, 234 586.38 -24.99 14 8;
235, 235 275.98 127.24 10 12;
236, 236 594.45 -35.91 14 7;
237, 237 285.18 134.62 10 13;
238, 238 313.62 60.38 11 10;
239, 239 511.06 64.33 13 10;
240, 240 325.28 2.21 11 9;
241, 241 328.18 -21.93 11 8;
242, 242 525.16 46.42 13 10;
243, 243 334.55 17.58 11 9;
244, 244 538.32 30.74 13 9;
245, 245 326.13 33.28 11 10;
246, 246 337.84 38.5 11 10;
247, 247 544.78 23.3 13 9;
248, 248 336.73 45.07 11 10;
249, 249 552.04 16.06 13 9;
250, 250 353.02 35.88 11 10;
251, 251 559.98 12.69 14 9;
252, 252 369.31 41.57 11 10;
253, 253 354.81 23.75 11 9;
254, 254 564.84 9.05 14 9;
255, 255 569.8 5.84 14 9;
256, 256 396.14 26.53 12 9;
257, 257 574.93 2.42 13 9;
258, 258 413.42 -150.08 11 4;
259, 259 580.05 -1.23 13 8;
260, 260 378.56 -108.24 11 5;
261, 261 369.43 -111.84 11 5;
262, 262 585.36 -4.55 13 8;
263, 263 350.89 -120.04 11 5;
264, 264 590.22 -7.75 13 8;
265, 265 347.27 -139.29 11 4;
266, 266 370.07 -157.7 11 4;
267, 267 595.35 -11.17 13 8;
268, 268 369.41 -197.65 11 3;
269, 269 600.93 -14.05 14 8;
270, 270 398.95 -236.39 11 1;
271, 271 366.67 -235.78 11 1;
272, 272 606.77 -16.72 14 8;
273, 273 333.23 -245.15 11 1;
274, 274 612.28 -18.93 14 8;
275, 275 335.18 -291.58 11 0;
276, 276 311.22 -273.93 10 0;
277, 277 618.64 -22.16 14 8;
278, 278 310.36 -263.48 10 1;
279, 279 496.56 69.93 12 11;
280, 280 308.07 -249.45 10 1;
281, 281 294.47 -312.91 10 0;
282, 282 104.87 185.73 8 14;
283, 283 291.62 -277.11 10 0;
284, 284 118.89 144.73 8 13;
285, 285 288.12 -243.19 10 1;
286, 286 279.41 -215.28 10 2;
287, 287 130.84 195.57 8 14;
288, 288 255.53 -211.94 10 2;
289, 289 133.27 189.09 8 14;
290, 290 265.57 -174.17 10 3;
291, 291 144.87 155.34 8 13;
292, 292 255.04 -135.12 10 4;
293, 293 143.4 161.37 8 13;
294, 294 249.43 -110.59 10 5;
295, 295 161.61 236.51 9 16;
296, 296 243.42 -88.39 10 6;
297, 297 228.06 -77.22 9 6;
298, 298 222.07 246.25 9 16;
299, 299 211.59 -91.79 9 6;
300, 300 225.45 238.86 9 16;
301, 301 188.7 -106.68 9 5;
302, 302 182.59 -89.58 9 6;
303, 303 233.58 226.39 9 15;
304, 304 171.81 -124.79 9 5;
305, 305 178.51 -162.1 9 4;
306, 306 196.55 -170.99 9 3;
307, 307 245.94 205.18 10 15;
308, 308 181.78 -62.59 9 7;
309, 309 248.52 192.81 10 14;
310, 310 247.82 -149.3 10 4;
311, 311 244.63 -155.35 10 4;
312, 312 245.24 182.1 10 14;
313, 313 233.77 -157.36 9 4;
314, 314 296.6 208.67 10 15;
315, 315 227.45 -151.58 9 4;
316, 316 225.33 -170.75 9 3;
317, 317 218.19 -181.16 9 3;
318, 318 221.42 -210.75 9 2;
319, 319 186.79 -241.18 9 1;
320, 320 287.53 203.73 10 15;
321, 321 164.06 -237.87 9 1;
322, 322 293.05 202.63 10 15;
323, 323 139.57 -168.92 8 3;
324, 324 125.36 -180.86 8 3;
325, 325 304.65 187.42 10 14;
326, 326 132.12 -247.15 8 1;
327, 327 301.14 178.61 10 14;
328, 328 106.12 -254.21 8 1;
329, 329 84.18 -246.36 8 1;
330, 330 308.76 181.35 10 14;
331, 331 360.63 108.78 11 12;
332, 332 54.83 -258.24 7 1;
333, 333 73.05 -299.65 8 0;
334, 334 367.23 99.55 11 12;
335, 335 83.6 -338.15 8 -1;
336, 336 374.45 80.55 11 11;
337, 337 22.67 -175.82 7 3;
338, 338 349.51 88.23 11 11;
339, 339 21.87 -157.49 7 4;
340, 340 352.92 91.83 11 11;
341, 341 16.12 -140.51 7 4;
342, 342 0.33 -105.03 7 5;
343, 343 -3.84 -93.07 7 6;
344, 344 -8.15 -78.45 7 6;
345, 345 -0.49 -36.41 7 7;
346, 346 -114.41 283.76 6 17;
347, 347 -20.88 -39.69 7 7;
348, 348 -27.87 -23.02 7 8;
349, 349 -33.1 -67.21 6 6;
350, 350 -376.69 284.59 3 17;
351, 351 -51.01 -50.67 6 7;
352, 352 -90.14 -40.16 6 7;
353, 353 -90.9 -62.02 6 7;
354, 354 -30.23 -97.01 7 6;
355, 355 -33.54 -118.6 6 5;
356, 356 -301.72 -252.76 4 1;
357, 357 -10.57 -132.35 7 4;
358, 358 -13.57 -147.06 7 4;
359, 359 -410.99 -125.04 2 5;
360, 360 -51.46 -149.57 6 4;
361, 361 -3.32 -186.99 7 3;
362, 362 -13.14 -222.44 7 2;
363, 363 -18.01 -205.47 7 2;
364, 364 -31.09 -194.35 7 3;
365, 365 -232.85 -188.67 4 3;
366, 366 -57.15 -190.2 6 3;
367, 367 -175.1 -220.5 5 2;
368, 368 -10.82 -262.78 7 1;
369, 369 -186.39 -221.62 5 2;
370, 370 -6.58 -290.39 7 0;
371, 371 -3.38 -311.87 7 0;
372, 372 -0.16 -332.36 7 -1;
373, 373 3.11 -355.17 7 -1;
374, 374 -21.58 -334.73 7 -1;
375, 375 -178.43 -125.98 5 5;
376, 376 -65.28 -355.89 6 -1;
377, 377 -187.11 -128.81 5 5;
378, 378 -67.13 -342.09 6 -1;
379, 379 -53.98 -339.89 6 -1;
380, 380 -68.99 -333.17 6 -1;
381, 381 -70.33 -320.27 6 0;
382, 382 -171.99 -162.4 5 4;
383, 383 -72.21 -308.14 6 0;
384, 384 -162.19 -161.03 5 4;
385, 385 -78.5 -268.39 6 0;
386, 386 -168.57 -177.45 5 3;
387, 387 -79.76 -255.38 6 1;
388, 388 -159.56 -175.4 5 3;
389, 389 -82.25 -242.68 6 1;
390, 390 -82.88 -234.34 6 1;
391, 391 -84.59 -227.2 6 2;
392, 392 -70.69 -231.9 6 1;
393, 393 -75.27 -208.51 6 2;
394, 394 -70.05 -193.06 6 3;
395, 395 -57.51 -218.72 6 2;
396, 396 -39.17 -226.17 6 2;
397, 397 -116.41 -47.22 6 7;
398, 398 -83.92 -177.48 6 3;
399, 399 -112.99 -62.16 6 7;
400, 400 -94.61 -184.16 6 3;
401, 401 -117.53 -186.4 6 3;
402, 402 -114.91 -164.02 6 4;
403, 403 -75.87 -39.32 6 7;
404, 404 -117.85 -151.87 6 4;
405, 405 -87.84 -156.32 6 4;
406, 406 -72.81 -49.92 6 7;
407, 407 -90.97 -144.94 6 4;
408, 408 818.64 -74.52 16 6;
409, 409 -100.25 -147.09 6 4;
410, 410 -96.95 -159.03 6 4;
411, 411 826.35 -71.55 16 6;
412, 412 -108.81 -134.61 6 4;
413, 413 807.42 -90.96 16 6;
414, 414 -115.92 -114.61 6 5;
415, 415 -129.17 -154.99 5 4;
416, 416 789.24 -98.72 16 6;
417, 417 -138.72 -157.58 5 4;
418, 418 779.71 -99.88 16 5;
419, 419 -135.43 -169.74 5 3;
420, 420 -141.68 -183.83 5 3;
421, 421 792.71 -110.55 16 5;
422, 422 -125.97 -167.15 5 3;
423, 423 317.99 -25.4 10 8;
424, 424 -130.14 -136.43 5 4;
425, 425 -150.77 -147.81 5 4;
426, 426 -156.97 -126.38 5 5;
427, 427 305.58 -35.16 10 7;
428, 428 -188.63 -111.35 5 5;
429, 429 -181.37 -80.96 5 6;
430, 430 -668.53 164.88 0 13;
431, 431 -114.79 -270.04 6 0;
432, 432 -660.78 165.18 0 14;
433, 433 -106.41 -268.86 6 0;
434, 434 -668.82 173.1 0 14;
435, 435 -108.28 -256.28 6 1;
436, 436 -114.33 -231.75 6 1;
437, 437 -662.12 173.86 0 14;
438, 438 -116.11 -218.39 6 2;
439, 439 -648.64 174.83 0 14;
440, 440 -141.23 -215.92 5 2;
441, 441 -640.72 174.68 0 14;
442, 442 -143.78 -234.64 5 1;
443, 443 -639.46 167. 0 14;
444, 444 -161.13 -240.3 5 1;
445, 445 -185.16 -240.63 5 1;
446, 446 -647.72 167.15 0 14;
447, 447 -204.85 -225.61 5 2;
448, 448 -606.52 177.7 0 14;
449, 449 -205.93 -240.68 5 1;
450, 450 -598.77 177.89 0 14;
451, 451 -220.69 -234.74 4 1;
452, 452 -605.43 170.02 0 14;
453, 453 -221.16 -222.19 4 2;
454, 454 -228.97 -207.06 4 2;
455, 455 -598.04 170.32 0 14;
456, 456 -214.58 -200.22 4 2;
457, 457 -211.06 -186.08 5 3;
458, 458 -457.34 137.48 2 13;
459, 459 -213.42 -175.94 4 3;
460, 460 -457.23 129.04 2 12;
461, 461 -142.14 44.18 5 10;
462, 462 -140.16 37.59 5 10;
463, 463 -121.86 46.35 6 10;
464, 464 -244.03 -231.08 4 1;
465, 465 -115.84 48.24 6 10;
466, 466 -266.11 -230.78 4 2;
467, 467 -276.81 -392.2 4 -2;
468, 468 -117.58 54.15 6 10;
469, 469 -278.91 -377.62 4 -2;
470, 470 -121.35 68.99 6 11;
471, 471 -281.64 -359.03 4 -1;
472, 472 -285.81 -393.59 4 -2;
473, 473 -110.29 72.33 6 11;
474, 474 -287.73 -379.01 4 -2;
475, 475 -106.17 57.27 6 10;
476, 476 -290.17 -363.31 4 -2;
477, 477 -291.88 -351.4 4 -1;
478, 478 -104.17 51.46 6 10;
479, 479 -288.82 -343.25 4 -1;
480, 480 -98.24 53.35 6 10;
481, 481 -290.45 -331.89 4 -1;
482, 482 -291.9 -320.1 4 0;
483, 483 -79.97 61.11 6 10;
484, 484 -279.9 -327.54 4 0;
485, 485 -78.5 54.64 6 10;
486, 486 -287.22 -281.78 4 3;
487, 487 -69.44 54.8 6 12;
488, 488 -297.77 -276.47 4 3;
489, 489 -63.64 49.59 6 12;
490, 490 -299.32 -265.34 4 3;
491, 491 -305.75 -298.3 3 2;
492, 492 -54.94 44.43 6 12;
493, 493 -306.44 -293.18 3 2;
494, 494 -48.73 51.86 6 12;
495, 495 -132.3 -105.97 5 8;
496, 496 -138.33 -85.1 5 8;
497, 497 -41.33 47.5 6 12;
498, 498 -124.09 -81.26 5 8;
499, 499 -56.6 63.33 6 13;
500, 500 -123.76 -68.61 5 9;
501, 501 -129.83 -49.85 5 9;
502, 502 -69.47 71.79 6 13;
503, 503 -132.54 -25.38 5 10;
504, 504 -49.43 75.07 6 13;
505, 505 -140. -0.93 5 11;
506, 506 -149.24 22.33 5 11;
507, 507 -40.21 74.23 6 13;
508, 508 -165.61 36.19 5 12;
509, 509 -32.47 78.53 6 13;
510, 510 -173.42 28.12 5 12;
511, 511 -28.85 65.47 7 13;
512, 512 -165.23 0.32 5 11;
513, 513 -25.21 52.97 8 12;
514, 514 -176.76 9.64 6 11;
515, 515 -193.11 5.62 6 11;
516, 516 -36.63 58.74 8 12;
517, 517 -193.88 -25.56 6 10;
518, 518 -191.67 -34.59 6 10;
519, 519 -41.08 243.09 8 18;
520, 520 -151.54 -48.22 6 9;
521, 521 -20.95 218.62 8 17;
522, 522 -159.8 -61.72 6 9;
523, 523 -206.76 -88.03 5 8;
524, 524 -15.43 208.2 8 17;
525, 525 -211. -65.64 5 9;
526, 526 -16.18 177.91 8 16;
527, 527 -227.4 -39.58 5 10;
528, 528 -224.03 -10. 5 10;
529, 529 -7.6 175.08 8 16;
530, 530 -217.68 9.64 5 11;
531, 531 -3.14 187.98 8 16;
532, 532 69.93 25.87 9 11;
533, 533 7.2 190.34 8 16;
534, 534 62.23 4.71 9 11;
535, 535 47.38 43.28 9 12;
536, 536 20.73 198.75 8 16;
537, 537 41.69 63.81 9 13;
538, 538 32.43 188.76 8 16;
539, 539 38.13 126.93 9 14;
540, 540 40.68 117.89 9 14;
541, 541 47.28 192.7 9 16;
542, 542 24.76 132.07 8 15;
543, 543 48.86 206.32 9 17;
544, 544 27.78 101.04 8 14;
545, 545 8.42 86.42 8 13;
546, 546 11.7 143.97 8 15;
547, 547 -24.76 170.85 8 16;
548, 548 -35.04 129.53 8 14;
549, 549 -26.05 102.16 8 14;
550, 550 -18.22 78.7 8 13;
551, 551 -53.65 150.3 7 15;
552, 552 -54.91 162.87 7 15;
553, 553 -73.87 165.11 7 15;
554, 554 -115.39 166.12 7 15;
555, 555 -143.47 123.57 6 14;
556, 556 -144.21 219.94 6 17;
557, 557 -152.32 214.32 6 17;
558, 558 -495.27 43.61 2 12;
559, 559 -147.68 236.21 6 17;
560, 560 -472.63 59.06 2 12;
561, 561 -149.89 254.46 6 18;
562, 562 -133.67 232.73 6 17;
563, 563 -135.54 269.18 6 18;
564, 564 -429.24 3.41 3 11;
565, 565 -106.01 271.95 7 18;
566, 566 -402.69 53.97 3 12;
567, 567 -93.24 291.14 7 19;
568, 568 -35.13 -353.24 8 1;
569, 569 -84.38 298.96 7 19;
570, 570 -431.52 69.28 3 13;
571, 571 -66.16 294.51 7 19;
572, 572 -57.66 320.88 7 20;
573, 573 -16.57 16.51 8 11;
574, 574 -33.19 264.92 8 18;
575, 575 -420.52 116.02 3 14;
576, 576 -27.52 257.71 8 18;
577, 577 -19.29 26.33 8 11;
578, 578 -24.36 247.77 8 18;
579, 579 -474.09 187.08 2 16;
580, 580 -26.26 240.37 8 18;
581, 581 35.61 395.84 9 22;
582, 582 488.64 -155.59 14 6;
583, 583 493.05 -173.77 14 6;
584, 584 -170.26 275.82 6 19;
585, 585 -177.21 219.56 6 17;
586, 586 -308.8 35.22 4 12;
587, 587 507.22 -220.32 15 4;
588, 588 -196.02 285.86 6 19;
589, 589 514.28 -242.88 15 4;
590, 590 -204.1 263.69 5 18;
591, 591 -243.96 -21.73 5 10;
592, 592 -222.77 258.05 5 18;
593, 593 518.17 -260.82 15 3;
594, 594 -239.24 238.27 5 18;
595, 595 -231.54 -63.15 5 9;
596, 596 521.43 -279.2 15 3;
597, 597 -247.84 225.44 5 17;
598, 598 -221.29 -79.43 5 8;
599, 599 -244.48 212.5 5 17;
600, 600 -265.64 200.8 5 16;
601, 601 -223.88 -161.09 5 6;
602, 602 -278.4 224.35 4 17;
603, 603 -162.04 -218.42 6 4;
604, 604 -279.52 202.28 4 17;
605, 605 390.15 110.67 13 14;
606, 606 -256.25 166.77 5 15;
607, 607 -259.36 127.98 5 14;
608, 608 -167.12 -123.41 6 7;
609, 609 -272.76 112.35 5 14;
610, 610 -278.08 91.7 4 13;
611, 611 -157.06 303.99 6 19;
612, 612 -283.21 71.37 4 13;
613, 613 -248.19 75.93 5 13;
614, 614 -174.78 250.49 6 18;
615, 615 -154.37 81.82 6 13;
616, 616 -150.78 99.73 6 14;
617, 617 -171.89 104.91 6 14;
618, 618 -178.47 129.12 6 14;
619, 619 -183.68 104.79 6 14;
620, 620 -203.75 193.31 5 16;
621, 621 -187.06 280.8 6 19;
622, 622 -209.01 184.75 5 16;
623, 623 -211.78 168.71 5 16;
624, 624 -215.65 149.91 5 15;
625, 625 -221.65 125.6 5 14;
626, 626 -302.7 78.84 4 13;
627, 627 -217.67 108.43 5 14;
628, 628 -405.39 190.78 3 16;
629, 629 -225.03 109.68 5 14;
630, 630 -283.01 138.08 4 15;
631, 631 -247.64 7.42 5 11;
632, 632 -274.09 144.46 5 15;
633, 633 -263.02 -15.04 5 10;
634, 634 -245.18 -72.44 5 9;
635, 635 -588.51 59.8 1 12;
636, 636 -246.11 -98.39 5 8;
637, 637 -597.56 60.53 0 12;
638, 638 -247.32 -172.08 5 6;
639, 639 -606.44 60.59 0 12;
640, 640 -263.74 -114.38 5 7;
641, 641 -602.83 37.43 0 12;
642, 642 -267.8 -91.66 5 8;
643, 643 -276.87 -115.24 5 7;
644, 644 -577.91 24.19 1 11;
645, 645 -271.95 -129.54 5 7;
646, 646 -613.95 72.94 0 13;
647, 647 -264.66 -158.43 5 6;
648, 648 -272.83 -176.15 5 6;
649, 649 -666.24 132.42 0 15;
650, 650 -289.21 -190.83 4 5;
651, 651 -660.38 102.9 0 14;
652, 652 -290.31 -221.33 4 4;
653, 653 -306.81 -210.03 4 5;
654, 654 -661.33 117.68 0 14;
655, 655 -299.58 -190.52 4 5;
656, 656 -431.46 21.21 3 11;
657, 657 -657.26 90.85 0 13;
658, 658 -288.01 -164.54 4 6;
659, 659 -294.07 -136.01 4 7;
660, 660 -650.37 78.18 0 13;
661, 661 -298.82 -126.48 4 7;
662, 662 -640.36 67.77 0 13;
663, 663 -292.68 -113.5 4 7;
664, 664 -299.67 -101.71 4 8;
665, 665 -310.15 -115.95 4 7;
666, 666 -326.35 -121.08 4 7;
667, 667 -556.85 86.4 1 13;
668, 668 -308.64 -143.28 4 7;
669, 669 -315.87 -177.12 4 6;
670, 670 -328.52 62.45 4 13;
671, 671 -315.02 -201.89 4 5;
672, 672 -314.37 -228.1 4 4;
673, 673 -328.67 -244.37 4 4;
674, 674 367.58 -215.27 13 5;
675, 675 -328.37 -214.62 4 5;
676, 676 -327.79 -197.54 4 5;
677, 677 -326.56 -165.15 4 6;
678, 678 -340.2 -113.72 4 7;
679, 679 -211.83 138.07 5 15;
680, 680 270.31 -212.55 12 5;
681, 681 -351.26 -117.17 4 7;
682, 682 -207.53 128.11 5 14;
683, 683 -372.95 -123.76 3 7;
684, 684 -187.14 135.83 6 15;
685, 685 292.18 -266.25 12 3;
686, 686 -376.69 -140.34 3 7;
687, 687 -139.34 141.92 6 15;
688, 688 -365.05 -157.65 3 6;
689, 689 305.28 -285.47 12 3;
690, 690 -130.07 152.74 6 15;
691, 691 -348.99 -169.05 4 6;
692, 692 -188.18 174.15 6 16;
693, 693 307.02 -295.83 12 2;
694, 694 -357.01 -202.43 3 5;
695, 695 -172.35 178.4 6 16;
696, 696 -380.07 -203.1 3 5;
697, 697 -166.14 190.38 6 16;
698, 698 -344.68 -225.3 4 4;
699, 699 -179.44 194.41 6 16;
700, 700 -344.23 -243.85 4 4;
701, 701 -340.71 -253.02 4 3;
702, 702 363.2 -284.45 13 3;
703, 703 -354.3 -255.1 4 3;
704, 704 -361.8 -232.53 3 4;
705, 705 -382.34 -225.48 3 4;
706, 706 -406.97 -210.7 3 5;
707, 707 -153.24 188.92 6 16;
708, 708 -424.63 -186.06 3 5;
709, 709 354.52 -292.17 13 2;
710, 710 -436.81 -164.51 2 6;
711, 711 -128.69 188.57 6 16;
712, 712 360.52 -296.39 13 2;
713, 713 -431.91 -142.74 3 7;
714, 714 -132.63 203.85 6 17;
715, 715 -444.7 -144.5 2 7;
716, 716 354.52 -269.08 13 3;
717, 717 -448.74 -139.09 2 7;
718, 718 -458.66 -147.34 2 7;
719, 719 -390.28 -156.18 3 6;
720, 720 -397.1 -130.52 3 7;
721, 721 -405.56 -149.9 3 6;
722, 722 -443.84 -112.54 2 8;
723, 723 -453.11 -86.39 2 8;
724, 724 247.98 -192.71 11 5;
725, 725 -460.86 -86.91 2 8;
726, 726 -464.75 -101.71 2 8;
727, 727 326.75 -83.73 12 8;
728, 728 -461.12 -68.04 2 9;
729, 729 -470.35 -58.09 2 9;
730, 730 -464.69 -42.44 2 10;
731, 731 67.8 43.45 9 12;
732, 732 -461.71 -24.4 2 10;
733, 733 -483.27 -15.33 2 10;
734, 734 49.53 96.75 9 13;
735, 735 68.89 101.49 9 14;
736, 736 -472.02 -150.97 2 6;
737, 737 -470.35 -128.14 2 7;
738, 738 191.7 -148.36 11 6;
739, 739 -484.8 -129.09 2 7;
740, 740 288.18 346.14 12 21;
741, 741 -478.17 -108.9 2 8;
742, 742 16.12 -117.09 8 6;
743, 743 -492.72 -157.24 2 5;
744, 744 273.77 352.18 12 18;
745, 745 29.94 -107.25 8 6;
746, 746 200.47 450.24 11 20;
747, 747 -518.94 -133.55 1 5;
748, 748 -36.94 -79.57 8 7;
749, 749 -513.82 -165.17 1 4;
750, 750 190.84 438.77 11 20;
751, 751 11.63 -93.8 8 6;
752, 752 -530.22 -171.86 1 4;
753, 753 151.35 444.39 10 20;
754, 754 -532.59 -162.26 1 4;
755, 755 22.9 -70.26 8 7;
756, 756 -546.45 -178.32 1 4;
757, 757 159.82 408.16 10 19;
758, 758 -543.08 -158.4 1 4;
759, 759 13.6 -35.9 8 8;
760, 760 217.21 324.6 11 17;
761, 761 -548.08 -148.43 1 5;
762, 762 5.16 -2.33 8 8;
763, 763 -543.5 -138.64 1 5;
764, 764 237.01 296.7 11 16;
765, 765 -564.51 -151.45 1 5;
766, 766 229.99 307.27 11 16;
767, 767 -576.07 -144.24 1 5;
768, 768 218.66 308.48 11 16;
769, 769 -23.51 40.51 10 10;
770, 770 -580.19 -152.6 1 5;
771, 771 -591.7 -123.52 1 5;
772, 772 -640.52 -192.53 0 4;
773, 773 56.1 6.6 11 9;
774, 774 -628.23 -194.32 0 4;
775, 775 62.53 -21.16 11 8;
776, 776 -634.31 -162.12 0 4;
777, 777 -620.55 -155.72 0 5;
778, 778 37.08 -27.12 11 8;
779, 779 -615.3 -194.34 0 4;
780, 780 -598.38 -193.33 1 4;
781, 781 -581.43 -190.32 1 4;
782, 782 49.1 -103.94 11 6;
783, 783 -563.2 -184.89 1 4;
784, 784 53.99 -119.8 11 5;
785, 785 -576.57 -76.96 1 7;
786, 786 -589.23 -52.97 1 7;
787, 787 64.87 -135.88 11 5;
788, 788 -611.31 -48.22 0 7;
789, 789 84.01 -114.7 12 6;
790, 790 -617.29 -24.91 0 8;
791, 791 -601.32 -8.67 1 8;
792, 792 80.45 -102.54 12 6;
793, 793 -550.17 -35.05 1 8;
794, 794 -567.48 -5.75 1 8;
795, 795 -565.96 13.98 1 9;
796, 796 1. 4.03 10 9;
797, 797 -583.21 37.28 1 10;
798, 798 -611.94 48.81 0 10;
799, 799 997.26 -22.91 26 8;
800, 800 -662.42 143.79 0 12;
801, 801 1. 20.18 10 9;
802, 802 -643.56 145.54 0 12;
803, 803 1. 24.96 10 9;
804, 804 -581.76 81.32 1 11;
805, 805 -389.25 187.81 4 13;
806, 806 1. 47.52 10 10;
807, 807 -380.92 205.08 4 14;
808, 808 -567.12 83.27 1 11;
809, 809 -419.07 179.05 3 13;
810, 810 -423.3 141.39 3 12;
811, 811 -572.95 114.9 1 11;
812, 812 -354. 130.09 5 12;
813, 813 1. 86.59 10 11;
814, 814 -347.56 201.01 5 14;
815, 815 -553.16 114.31 1 11;
816, 816 -374.85 83.42 4 11;
817, 817 -539.31 102.39 2 11;
818, 818 1. 56.1 10 10;
819, 819 -364.28 158.7 4 13;
820, 820 -420.67 127.13 3 12;
821, 821 -553.81 70.58 1 10;
822, 822 514.65 -91.59 19 6;
823, 823 -405.65 125.4 4 12;
824, 824 -522.06 4.16 2 9;
825, 825 -517.14 -24.13 2 8;
826, 826 -492.86 12.71 2 9;
827, 827 -481.24 27.03 2 9;
828, 828 -522.11 104.29 2 11;
829, 829 -525.94 130.11 2 12;
830, 830 -527.08 148.56 2 12;
831, 831 -529.39 166.36 2 13;
832, 832 -534.49 185. 2 13;
833, 833 -548.61 183.04 1 13;
834, 834 -512.17 178.81 2 13;
835, 835 -488.77 174.03 2 13;
836, 836 -451.18 184.32 3 13;
837, 837 -388.48 233.75 4 15;
838, 838 -391.86 264.45 4 15;
839, 839 -365.63 227.55 4 14;
840, 840 -340.26 219.41 5 14;
841, 841 -325.19 178.5 5 13;
842, 842 -309.52 225.61 5 14;
843, 843 -307.39 198.48 5 14;
844, 844 -306.68 152.29 5 12;
845, 845 -309.95 114.27 5 11;
846, 846 -325.95 100.7 5 11;
847, 847 -510.71 102.07 2 11;
848, 848 -468.98 112.83 3 11;
849, 849 -445.1 91.18 3 11;
850, 850 -450.26 36.77 3 9;
851, 851 -406.99 73.14 4 10;
852, 852 -415.53 -6.51 4 8;
853, 853 -392.87 -8.82 4 8;
854, 854 -356.39 -1.3 4 9;
855, 855 -360.4 -32.08 4 8;
856, 856 -326.95 -22.5 5 8;
857, 857 -321.06 10.25 5 9;
858, 858 -319.36 49.07 5 10;
859, 859 -300.4 18.52 5 9;
860, 860 -289.21 38.18 6 10;
861, 861 -277.76 19.76 6 9;
862, 862 -284.14 -0.99 6 9;
863, 863 -602.58 223.47 1 14;
864, 864 -602.15 208.92 1 14;
865, 865 90.34 461.3 12 20;
866, 866 136.51 464.54 12 20;
867, 867 150.18 452.63 13 20;
868, 868 167.14 446.76 13 20;
869, 869 166.39 453.55 13 20;
870, 870 166.23 402.71 13 19;
871, 871 168.01 417.99 13 19;
872, 872 176.48 428.27 13 20;
873, 873 182.37 423.72 13 19;
874, 874 181.45 435.61 13 20;
875, 875 185.35 455.63 13 20;
876, 876 527.06 -91.71 19 6;
877, 877 870.37 -70.27 24 7;
878, 878 887.65 -45.17 25 7;
879, 879 905.4 -51.05 25 7;
880, 880 944.87 -20.04 25 8;
881, 881 957.23 -32.26 26 8;
882, 882 977.96 -33.98 26 8;
883, 883 989.89 -59.73 26 7;
884, 884 165.48 170.5 13 13;
885, 885 172.04 163.6 13 13;
886, 886 162.34 190.65 13 13;
887, 887 152.58 205.48 13 14;
888, 888 156.83 211.51 13 14;
889, 889 155.79 221.85 13 14;
890, 890 144.14 233.73 13 15;
891, 891 136.96 263.94 12 15;
892, 892 136.57 280.71 12 16;
893, 893 134.58 305.95 12 16;
894, 894 117.28 335.58 12 17;
895, 895 139.69 320.06 12 17;
896, 896 162.09 308.99 13 16;
897, 897 174.18 240.6 13 15;
898, 898 187.18 244.02 13 15;
899, 899 202.84 248.5 14 15;
900, 900 214.62 252.39 14 15;
901, 901 189.26 162.17 13 13;
902, 902 206.08 167.63 14 13;
903, 903 216.67 169.2 14 13;
904, 904 237.98 175.13 14 13;
905, 905 238.19 350.07 14 18;
906, 906 238.32 343.41 14 17;
907, 907 243.14 356.09 14 18;
908, 908 238.52 377.37 14 18;
909, 909 251.06 379.8 14 18;
910, 910 255.21 357.3 14 18;
911, 911 264.78 346.69 15 17;
912, 912 262.83 336.18 14 17;
913, 913 273.65 326.65 15 17;
914, 914 304.57 328.51 15 17;
915, 915 295.65 317.69 15 17;
916, 916 286.14 307.77 15 16;
917, 917 306.69 305.83 15 16;
918, 918 318.81 309.04 15 16;
919, 919 321.73 314.87 15 17;
920, 920 331.15 315.14 16 17;
921, 921 329.13 352.59 16 18;
922, 922 342.94 343. 16 17;
923, 923 353.71 335.58 16 17;
924, 924 361.68 329.11 16 17;
925, 925 372.94 319.35 16 17;
926, 926 377.17 296.51 16 16;
927, 927 382.36 310.07 16 17;
928, 928 392.02 299.79 17 16;
929, 929 388.93 275.65 17 16;
930, 930 403.97 252.05 17 15;
931, 931 413.54 269.86 17 15;
932, 932 403.5 283.37 17 16;
933, 933 408.37 303.92 17 16;
934, 934 424.94 258.21 17 15;
935, 935 301. 241.88 15 15;
936, 936 298.36 264.8 15 15;
937, 937 304.18 256.37 15 15;
938, 938 325.4 238.43 15 15;
939, 939 336.64 232.45 16 15;
940, 940 347.37 302.29 16 16;
941, 941 357.31 288.34 16 16;
942, 942 359.82 276.86 16 16;
943, 943 364.5 263.23 16 15;
944, 944 355.05 257.08 16 15;
945, 945 234.66 -255.4 14 2;
946, 946 236.81 -267.32 14 2;
947, 947 238.43 -279.67 14 1;
948, 948 240.4 -291.69 14 1;
949, 949 244.43 -316.08 14 0;
950, 950 242.45 -304.17 14 1;
951, 951 200.77 -311.82 13 1;
952, 952 202.68 -323.07 14 0;
953, 953 197.11 -286.77 13 1;
954, 954 198.89 -299.69 13 1;
955, 955 193.88 -261.74 13 2;
956, 956 195.32 -274.31 13 2;
957, 957 -349.45 -394.83 5 -1;
958, 958 -542.33 -239.79 1 2;
959, 959 -544.73 -227.31 1 3;
960, 960 -546.47 -217.06 1 3;
961, 961 -572.16 -244.77 1 2;
962, 962 -575.01 -227.51 1 3;
963, 963 -578.08 -213.14 1 3;
964, 964 -633.75 -253.38 0 2;
965, 965 -635.83 -237.91 0 2;
966, 966 -637.67 -223.45 0 3;
967, 967 -612.06 -218.71 0 3;
968, 968 -609.7 -233.41 0 3;
969, 969 -606.92 -249.45 0 2;
970, 970 -470.98 -77.4 3 7;
971, 971 191.17 -312.42 13 1;
972, 972 918.9 -110.25 25 6;
973, 973 279.37 275.48 15 16;
974, 974 -256.96 -282.24 6 1;
975, 975 292.83 -123.5 15 5;
976, 976 326.33 -120.36 16 5;
977, 977 -629.08 147.82 0 12;
978, 978 168.95 8.7 13 9;
979, 979 -637.6 50.85 0 10;
980, 980 -590.98 7.79 1 9;
981, 981 -581.98 -4.7 1 8;
982, 982 -579.04 -26.29 1 8;
983, 983 -569.2 -45.46 1 7;
984, 984 -605.32 -141.36 0 5;
985, 985 -581.71 -102.17 1 6;
986, 986 -578.52 52.95 1 10;
987, 987 -492.13 102.94 2 11;
988, 988 -463.08 98.84 3 11;
989, 989 -459.82 85.24 3 11;
990, 990 -498.38 -140.04 2 5;
991, 991 174. 20.04 13 9;
992, 992 -143.47 123.57 8 12;
993, 993 -143.47 123.57 8 12;
994, 994 -143.47 123.57 8 12;
995, 995 -187.14 135.83 7 12;
996, 996 -217.68 9.64 7 9;
997, 997 -176.76 9.64 7 9;
998, 998 -176.76 9.64 7 8;
999, 999 -247.64 7.42 6 8;
1000, 1000 -191.67 -34.59 7 7;
1001, 1001 -191.67 -34.59 7 7;
1002, 1002 -243.96 -21.73 6 8;
1003, 1003 -181.37 -80.96 7 6;
1004, 1004 -181.37 -80.96 7 6;
1005, 1005 -181.37 -80.96 7 6;
1006, 1006 -181.37 -80.96 7 6;
1007, 1007 -206.76 -88.03 7 6;
1008, 1008 -138.33 -85.1 8 6;
1009, 1009 -138.33 -85.1 8 6;
1010, 1010 -123.76 -68.61 8 7;
1011, 1011 -69.47 71.79 9 10;
1012, 1012 -69.47 71.79 9 10;
1013, 1013 -26.05 102.16 10 11;
1014, 1014 -26.05 102.16 10 11;
1015, 1015 -26.05 102.16 10 11;
1016, 1016 143.4 161.37 13 12;
1017, 1017 143.4 161.37 13 12;
1018, 1018 189.26 162.17 13 12;
1019, 1019 102.17 112.19 12 11;
1020, 1020 -20.88 -39.69 10 7;
1021, 1021 -20.88 -39.69 10 7;
1022, 1022 -20.88 -39.69 10 7;
1023, 1023 -20.88 -39.69 10 7;
1024, 1024 -20.88 -39.69 10 7;
1025, 1025 87.69 -45.28 8 7;
1026, 1026 22.9 -70.26 7 7;
1027, 1027 22.9 -70.26 7 7;
1028, 1028 124.68 -71.62 9 7;
1029, 1029 124.68 -71.62 9 7;
1030, 1030 124.68 -71.62 9 7;
1031, 1031 124.68 -71.62 9 7;
1032, 1032 257.26 20.8 10 9;
1033, 1033 257.26 20.8 10 9;
1034, 1034 257.26 20.8 10 9;
1035, 1035 257.26 20.8 10 9;
1036, 1036 257.26 20.8 10 9;
1037, 1037 108.85 -33.69 8 8;
1038, 1038 107.61 -62.08 8 7;
1039, 1039 -23.51 40.51 7 9;
1040, 1040 5.16 -2.33 7 8;
1041, 1041 -31.09 -194.35 7 4;
1042, 1042 -31.09 -194.35 7 4;
1043, 1043 -3.32 -186.99 7 4;
1044, 1044 -3.32 -186.99 7 4;
1045, 1045 -3.32 -186.99 7 4;
1046, 1046 -31.09 -194.35 7 4;
1047, 1047 -31.09 -194.35 7 4;
1048, 1048 -31.09 -194.35 7 4;
1049, 1049 -31.09 -194.35 7 4;
1050, 1050 49.76 -180.99 8 4;
1051, 1051 39.14 -165.7 8 5;
1052, 1052 78.49 -173.99 8 4;
1053, 1053 78.49 -173.99 8 4;
1054, 1054 78.49 -173.99 8 4;
1055, 1055 78.49 -173.99 8 4;
1056, 1056 78.49 -173.99 8 4;
1057, 1057 78.49 -173.99 8 4;
1058, 1058 138.26 -130.93 9 5;
1059, 1059 171.81 -124.79 9 5;
1060, 1060 191.7 -148.36 9 5;
1061, 1061 191.7 -148.36 9 5;
1062, 1062 275.3 -124.4 10 5;
1063, 1063 275.3 -124.4 10 5;
1064, 1064 138.26 -130.93 9 5;
1065, 1065 -130.14 -136.43 6 5;
1066, 1066 -130.14 -136.43 6 5;
1067, 1067 -130.14 -136.43 6 5;
1068, 1068 -263.57 11.72 4 9;
1069, 1069 -247.64 7.42 4 8;
1070, 1070 -217.68 9.64 5 8;
1071, 1071 -232.85 -188.67 4 4;
1072, 1072 62.53 -21.16 8 8;
1073, 1073 -53.65 150.3 6 12;
1074, 1074 139.57 -168.92 9 5;
1075, 1075 -287.22 -281.78 4 2;
1076, 1076 -108.28 -256.28 6 3;
1077, 1077 -108.28 -256.28 6 3;
1078, 1078 -108.28 -256.28 6 3;
1079, 1079 -581.76 81.32 0 10;
1080, 1080 237.01 296.7 10 15;
