1, 1 -359.88 144.85 5 19;
2, 2 525.33 -85.24 21 11;
3, 3 -378.05 166.18 5 20;
4, 4 499.17 -194.75 20 7;
5, 5 -392.76 170.01 4 20;
6, 6 553.35 -69.11 21 11;
7, 7 -40.71 -144.44 11 9;
8, 8 -405.76 166.14 4 20;
9, 9 -416.27 155.13 4 19;
10, 10 533.78 -71.19 21 11;
11, 11 -371.15 135.41 5 19;
12, 12 -49.86 281.44 11 24;
13, 13 547.97 -60.46 21 12;
14, 14 -395.92 137.43 4 19;
15, 15 -386.9 140.03 5 19;
16, 16 559.65 -52.13 21 12;
17, 17 -401.18 152.74 4 19;
18, 18 -389.94 156.08 4 19;
19, 19 503.82 -54.2 20 12;
20, 20 -455.27 70.06 3 16;
21, 21 421.93 229.07 19 22;
22, 22 514.81 -45.63 21 12;
23, 23 445.51 233.96 19 22;
24, 24 430.94 207.37 19 21;
25, 25 526.15 -36.85 21 12;
26, 26 453.72 225.81 20 22;
27, 27 538.47 -27.31 21 13;
28, 28 470.62 198.08 20 21;
29, 29 -263.57 11.72 7 14;
30, 30 475.52 215.41 20 22;
31, 31 487.35 71.88 20 16;
32, 32 486.52 177.69 20 20;
33, 33 488.5 62.43 20 16;
34, 34 494.15 204.3 20 21;
35, 35 518.19 55.1 21 16;
36, 36 518.38 -155.59 21 8;
37, 37 511.5 195.76 21 21;
38, 38 505.94 40.23 21 15;
39, 39 527.32 190.13 21 21;
40, 40 475.14 -96.51 20 10;
41, 41 543.09 181.73 21 20;
42, 42 518.67 24.34 21 15;
43, 43 497.87 50.59 20 16;
44, 44 557.21 169.81 21 20;
45, 45 541.21 -78.21 21 11;
46, 46 567.09 156.97 22 19;
47, 47 527.35 13.3 21 14;
48, 48 1064.81 -29.49 31 13;
49, 49 565.12 141.25 22 19;
50, 50 537.42 1.01 21 14;
51, 51 1007.57 -69.39 29 11;
52, 52 542.68 141.22 21 19;
53, 53 39.14 -165.7 12 8;
54, 54 532.5 152.07 21 19;
55, 55 511.55 95.41 21 17;
56, 56 87.53 -91.35 13 10;
57, 57 519.98 159.85 21 20;
58, 58 411.28 13.14 19 14;
59, 59 29.13 -0.89 12 14;
60, 60 506.07 164.44 21 20;
61, 61 -11.94 56.61 11 16;
62, 62 445.29 99.65 19 17;
63, 63 460.41 94.59 20 17;
64, 64 416.92 -14.83 19 13;
65, 65 -0.56 -124.21 11 9;
66, 66 466.63 102.24 20 17;
67, 67 58.72 122.33 13 18;
68, 68 476.94 107.93 20 18;
69, 69 343.69 -6.13 18 14;
70, 70 61.96 65.21 13 16;
71, 71 733.09 -268.4 25 4;
72, 72 347.83 -15.53 18 13;
73, 73 728.24 -297.17 24 3;
74, 74 334.61 -101.31 17 10;
75, 75 354. -10.43 18 13;
76, 76 379.13 95.45 18 17;
77, 77 359.9 -5.32 18 14;
78, 78 283.81 -229.46 17 5;
79, 79 356.33 95.1 18 17;
80, 80 339.55 120.17 18 18;
81, 81 341.16 -28.83 18 13;
82, 82 329.55 136.12 17 19;
83, 83 348.55 -24.2 18 13;
84, 84 317.81 148.1 17 19;
85, 85 311.01 155.78 17 19;
86, 86 341.33 -38.61 18 12;
87, 87 508.8 -272.19 21 4;
88, 88 293.98 191.29 17 21;
89, 89 342.63 -48.95 18 12;
90, 90 505.25 -250.48 20 5;
91, 91 314.04 214.33 17 21;
92, 92 -627.62 57.54 0 16;
93, 93 343.21 -65.06 18 11;
94, 94 303.13 205.21 17 21;
95, 95 -662.21 56.98 0 16;
96, 96 344.26 -79.18 18 11;
97, 97 -174.34 292.77 8 24;
98, 98 298.69 221.61 17 22;
99, 99 210.97 339.15 15 26;
100, 100 352.96 -75.01 18 11;
101, 101 -140.57 305.79 9 25;
102, 102 210.66 317.95 15 25;
103, 103 364.34 -69.01 18 11;
104, 104 -38.58 -45.13 11 12;
105, 105 207.14 313.58 15 25;
106, 106 212.24 299.27 15 25;
107, 107 372.9 -77.27 18 11;
108, 108 208.91 290.23 15 24;
109, 109 -252.29 -155.45 7 8;
110, 110 362.77 -91.85 18 10;
111, 111 122.1 212.83 14 21;
112, 112 -260.97 -125.98 7 9;
113, 113 100.37 208.46 13 21;
114, 114 373.54 -90.05 18 10;
115, 115 363.73 -101.41 18 10;
116, 116 28.87 341.35 12 26;
117, 117 32.63 326.07 12 26;
118, 118 344.89 -92.84 18 10;
119, 119 36.1 314.13 12 25;
120, 120 351.34 -105.07 18 10;
121, 121 51.46 270.1 12 23;
122, 122 58.28 248.66 13 23;
123, 123 393.85 -95.43 19 10;
124, 124 -443.44 72.05 4 16;
125, 125 63.24 231.92 13 22;
126, 126 -383.39 64.82 5 16;
127, 127 410.03 -100.61 19 10;
128, 128 70.15 187.5 13 21;
129, 129 -360.93 70.61 5 16;
130, 130 77.76 152.39 13 19;
131, 131 436.43 -100.44 19 10;
132, 132 -419.08 70.93 4 16;
133, 133 82.52 129.43 13 18;
134, 134 -436.81 -14.99 4 13;
135, 135 452.58 -98.19 20 10;
136, 136 85.29 108.29 13 18;
137, 137 -468.49 36.12 3 15;
138, 138 102.17 112.19 13 18;
139, 139 471.59 -74.35 20 11;
140, 140 -487.71 57.35 3 16;
141, 141 152.79 141.65 14 19;
142, 142 -472.12 151.63 3 19;
143, 143 477.37 -71.02 20 11;
144, 144 144.28 123.83 14 18;
145, 145 -611.15 30.26 1 15;
146, 146 454.55 -72.92 20 11;
147, 147 128.15 291.53 14 24;
148, 148 147.98 110.22 14 18;
149, 149 151.65 99.49 14 17;
150, 150 469.77 -59. 20 12;
151, 151 155.15 89.21 14 17;
152, 152 -159.58 132.31 9 19;
153, 153 454.84 -62.16 20 12;
154, 154 162.06 72.88 14 16;
155, 155 165.61 55.49 14 16;
156, 156 476.53 -59.9 20 12;
157, 157 170.14 34.43 15 15;
158, 158 467.77 -47.97 20 12;
159, 159 184.15 7.19 15 14;
160, 160 457.66 -38.57 20 12;
161, 161 171.67 -29.32 15 13;
162, 162 156.46 -0.5 14 14;
163, 163 366.1 -12.32 18 13;
164, 164 156.02 13.6 14 14;
165, 165 150.54 31.13 14 15;
166, 166 369.41 -4.94 18 14;
167, 167 145.19 50.77 14 16;
168, 168 141.1 66.94 14 16;
169, 169 139.49 84.4 14 17;
170, 170 136.78 94.89 14 17;
171, 171 133.38 105.83 14 18;
172, 172 128.54 119.8 14 18;
173, 173 108.84 64.33 13 16;
174, 174 140.94 -11.87 14 13;
175, 175 161.51 -54.77 14 12;
176, 176 381.05 -41.24 18 12;
177, 177 111.01 -12.2 13 13;
178, 178 108.85 -33.69 13 13;
179, 179 384.48 -64.61 18 11;
180, 180 79.04 -18.26 13 13;
181, 181 87.69 -45.28 13 12;
182, 182 392.11 -66.31 18 11;
183, 183 107.61 -62.08 13 12;
184, 184 397.34 -59.19 19 12;
185, 185 121.46 -107.3 14 10;
186, 186 404.39 -59.1 19 12;
187, 187 120.14 -111.94 14 10;
188, 188 413.63 -53.95 19 12;
189, 189 138.26 -130.93 14 9;
190, 190 432.36 -64.07 19 11;
191, 191 120.76 -144.48 14 9;
192, 192 408.24 -64.95 19 11;
193, 193 105.48 -119.1 13 9;
194, 194 91.98 -130.84 13 9;
195, 195 416.85 -65.55 19 11;
196, 196 57.63 -81.02 12 11;
197, 197 42.89 -92.84 12 10;
198, 198 419.15 -60.16 19 12;
199, 199 64.64 -152.86 13 8;
200, 200 427.3 -52.32 19 12;
201, 201 49.76 -180.99 12 7;
202, 202 -463.53 173.34 3 20;
203, 203 78.49 -173.99 13 7;
204, 204 94.65 -185.5 13 7;
205, 205 -487.49 144.04 3 19;
206, 206 247.56 -27.52 16 13;
207, 207 -487.87 161.03 3 20;
208, 208 257.26 20.8 16 14;
209, 209 267.32 -19.79 16 13;
210, 210 -485.9 125.47 3 18;
211, 211 542.85 -248.96 21 5;
212, 212 281.56 -48.81 16 12;
213, 213 539.63 -219.15 21 6;
214, 214 264.02 -64.58 16 11;
215, 215 305.12 -78.11 17 11;
216, 216 535.32 -204.75 21 6;
217, 217 304.44 -67.66 17 11;
218, 218 529.03 -188.32 21 7;
219, 219 306.67 -47.39 17 12;
220, 220 324.27 -47.17 17 12;
221, 221 523.59 -173.23 21 7;
222, 222 325.46 -68.17 17 11;
223, 223 305.71 -122.08 17 9;
224, 224 514.84 -128.55 21 9;
225, 225 307.07 -105.79 17 10;
226, 226 513.65 -107.33 21 10;
227, 227 307.56 23.63 17 15;
228, 228 287.67 41.99 17 15;
229, 229 566.92 -2.09 22 14;
230, 230 231.81 150.94 16 19;
231, 231 577.17 -14.16 22 13;
232, 232 262.43 136.82 16 19;
233, 233 260.75 126.97 16 18;
234, 234 586.38 -24.99 22 13;
235, 235 275.98 127.24 16 18;
236, 236 594.45 -35.91 22 12;
237, 237 285.18 134.62 17 19;
238, 238 313.62 60.38 17 16;
239, 239 511.06 64.33 21 16;
240, 240 325.28 2.21 17 14;
241, 241 328.18 -21.93 17 13;
242, 242 525.16 46.42 21 15;
243, 243 334.55 17.58 17 14;
244, 244 538.32 30.74 21 15;
245, 245 326.13 33.28 17 15;
246, 246 337.84 38.5 18 15;
247, 247 544.78 23.3 21 15;
248, 248 336.73 45.07 17 15;
249, 249 552.04 16.06 21 14;
250, 250 353.02 35.88 18 15;
251, 251 559.98 12.69 21 14;
252, 252 369.31 41.57 18 15;
253, 253 354.81 23.75 18 15;
254, 254 564.84 9.05 22 14;
255, 255 569.8 5.84 22 14;
256, 256 396.14 26.53 19 15;
257, 257 574.93 2.42 22 14;
258, 258 413.42 -150.08 19 8;
259, 259 580.05 -1.23 22 14;
260, 260 378.56 -108.24 18 10;
261, 261 369.43 -111.84 18 10;
262, 262 585.36 -4.55 22 14;
263, 263 350.89 -120.04 18 9;
264, 264 590.22 -7.75 22 13;
265, 265 347.27 -139.29 18 9;
266, 266 370.07 -157.7 18 8;
267, 267 595.35 -11.17 22 13;
268, 268 369.41 -197.65 18 7;
269, 269 600.93 -14.05 22 13;
270, 270 398.95 -236.39 19 5;
271, 271 366.67 -235.78 18 5;
272, 272 606.77 -16.72 22 13;
273, 273 333.23 -245.15 17 5;
274, 274 612.28 -18.93 22 13;
275, 275 335.18 -291.58 17 3;
276, 276 311.22 -273.93 17 4;
277, 277 618.64 -22.16 23 13;
278, 278 310.36 -263.48 17 4;
279, 279 496.56 69.93 20 16;
280, 280 308.07 -249.45 17 5;
281, 281 294.47 -312.91 17 2;
282, 282 104.87 185.73 13 20;
283, 283 291.62 -277.11 17 4;
284, 284 118.89 144.73 14 19;
285, 285 288.12 -243.19 17 5;
286, 286 279.41 -215.28 16 6;
287, 287 130.84 195.57 14 21;
288, 288 255.53 -211.94 16 6;
289, 289 133.27 189.09 14 21;
290, 290 265.57 -174.17 16 7;
291, 291 144.87 155.34 14 19;
292, 292 255.04 -135.12 16 9;
293, 293 143.4 161.37 14 20;
294, 294 249.43 -110.59 16 10;
295, 295 161.61 236.51 14 22;
296, 296 243.42 -88.39 16 11;
297, 297 228.06 -77.22 16 11;
298, 298 222.07 246.25 15 23;
299, 299 211.59 -91.79 15 10;
300, 300 225.45 238.86 15 22;
301, 301 188.7 -106.68 15 10;
302, 302 182.59 -89.58 15 11;
303, 303 233.58 226.39 16 22;
304, 304 171.81 -124.79 15 9;
305, 305 178.51 -162.1 15 8;
306, 306 196.55 -170.99 15 8;
307, 307 245.94 205.18 16 21;
308, 308 181.78 -62.59 15 11;
309, 309 248.52 192.81 16 21;
310, 310 247.82 -149.3 16 8;
311, 311 244.63 -155.35 16 8;
312, 312 245.24 182.1 16 20;
313, 313 233.77 -157.36 16 8;
314, 314 296.6 208.67 17 21;
315, 315 227.45 -151.58 16 8;
316, 316 225.33 -170.75 15 8;
317, 317 218.19 -181.16 15 7;
318, 318 221.42 -210.75 15 6;
319, 319 186.79 -241.18 15 5;
320, 320 287.53 203.73 17 21;
321, 321 164.06 -237.87 14 5;
322, 322 293.05 202.63 17 21;
323, 323 139.57 -168.92 14 8;
324, 324 125.36 -180.86 14 7;
325, 325 304.65 187.42 17 21;
326, 326 132.12 -247.15 14 5;
327, 327 301.14 178.61 17 20;
328, 328 106.12 -254.21 13 5;
329, 329 84.18 -246.36 13 5;
330, 330 308.76 181.35 17 20;
331, 331 360.63 108.78 18 18;
332, 332 54.83 -258.24 12 4;
333, 333 73.05 -299.65 13 3;
334, 334 367.23 99.55 18 17;
335, 335 83.6 -338.15 13 2;
336, 336 374.45 80.55 18 17;
337, 337 22.67 -175.82 12 7;
338, 338 349.51 88.23 18 17;
339, 339 21.87 -157.49 12 8;
340, 340 352.92 91.83 18 17;
341, 341 16.12 -140.51 12 9;
342, 342 0.33 -105.03 11 10;
343, 343 -3.84 -93.07 11 10;
344, 344 -8.15 -78.45 11 11;
345, 345 -0.49 -36.41 11 12;
346, 346 -114.41 283.76 9 24;
347, 347 -20.88 -39.69 11 12;
348, 348 -27.87 -23.02 11 13;
349, 349 -33.1 -67.21 11 11;
350, 350 -376.69 284.59 5 24;
351, 351 -51.01 -50.67 11 12;
352, 352 -90.14 -40.16 10 12;
353, 353 -90.9 -62.02 10 12;
354, 354 -30.23 -97.01 11 10;
355, 355 -33.54 -118.6 11 9;
356, 356 -301.72 -252.76 6 5;
357, 357 -10.57 -132.35 11 9;
358, 358 -13.57 -147.06 11 8;
359, 359 -410.99 -125.04 4 9;
360, 360 -51.46 -149.57 11 8;
361, 361 -3.32 -186.99 11 7;
362, 362 -13.14 -222.44 11 6;
363, 363 -18.01 -205.47 11 6;
364, 364 -31.09 -194.35 11 7;
365, 365 -232.85 -188.67 7 7;
366, 366 -57.15 -190.2 10 7;
367, 367 -175.1 -220.5 8 6;
368, 368 -10.82 -262.78 11 4;
369, 369 -186.39 -221.62 8 6;
370, 370 -6.58 -290.39 11 3;
371, 371 -3.38 -311.87 11 2;
372, 372 -0.16 -332.36 11 2;
373, 373 3.11 -355.17 12 1;
374, 374 -21.58 -334.73 11 2;
375, 375 -178.43 -125.98 8 9;
376, 376 -65.28 -355.89 10 1;
377, 377 -187.11 -128.81 8 9;
378, 378 -67.13 -342.09 10 1;
379, 379 -53.98 -339.89 10 1;
380, 380 -68.99 -333.17 10 2;
381, 381 -70.33 -320.27 10 2;
382, 382 -171.99 -162.4 8 8;
383, 383 -72.21 -308.14 10 3;
384, 384 -162.19 -161.03 9 8;
385, 385 -78.5 -268.39 10 4;
386, 386 -168.57 -177.45 8 7;
387, 387 -79.76 -255.38 10 5;
388, 388 -159.56 -175.4 9 7;
389, 389 -82.25 -242.68 10 5;
390, 390 -82.88 -234.34 10 5;
391, 391 -84.59 -227.2 10 6;
392, 392 -70.69 -231.9 10 5;
393, 393 -75.27 -208.51 10 6;
394, 394 -70.05 -193.06 10 7;
395, 395 -57.51 -218.72 10 6;
396, 396 -39.17 -226.17 11 6;
397, 397 -116.41 -47.22 9 12;
398, 398 -83.92 -177.48 10 7;
399, 399 -112.99 -62.16 9 12;
400, 400 -94.61 -184.16 10 7;
401, 401 -117.53 -186.4 9 7;
402, 402 -114.91 -164.02 9 8;
403, 403 -75.87 -39.32 10 12;
404, 404 -117.85 -151.87 9 8;
405, 405 -87.84 -156.32 10 8;
406, 406 -72.81 -49.92 10 12;
407, 407 -90.97 -144.94 10 9;
408, 408 818.64 -74.52 26 11;
409, 409 -100.25 -147.09 10 8;
410, 410 -96.95 -159.03 10 8;
411, 411 826.35 -71.55 26 11;
412, 412 -108.81 -134.61 10 9;
413, 413 807.42 -90.96 26 10;
414, 414 -115.92 -114.61 9 10;
415, 415 -129.17 -154.99 9 8;
416, 416 789.24 -98.72 26 10;
417, 417 -138.72 -157.58 9 8;
418, 418 779.71 -99.88 25 10;
419, 419 -135.43 -169.74 9 8;
420, 420 -141.68 -183.83 9 7;
421, 421 792.71 -110.55 26 10;
422, 422 -125.97 -167.15 9 8;
423, 423 317.99 -25.4 17 13;
424, 424 -130.14 -136.43 9 9;
425, 425 -150.77 -147.81 9 8;
426, 426 -156.97 -126.38 9 9;
427, 427 305.58 -35.16 17 12;
428, 428 -188.63 -111.35 8 10;
429, 429 -181.37 -80.96 8 11;
430, 430 -668.53 164.88 0 20;
431, 431 -114.79 -270.04 9 4;
432, 432 -660.78 165.18 0 20;
433, 433 -106.41 -268.86 10 4;
434, 434 -668.82 173.1 0 20;
435, 435 -108.28 -256.28 10 4;
436, 436 -114.33 -231.75 9 5;
437, 437 -662.12 173.86 0 20;
438, 438 -116.11 -218.39 9 6;
439, 439 -648.64 174.83 0 20;
440, 440 -141.23 -215.92 9 6;
441, 441 -640.72 174.68 0 20;
442, 442 -143.78 -234.64 9 5;
443, 443 -639.46 167. 0 20;
444, 444 -161.13 -240.3 9 5;
445, 445 -185.16 -240.63 8 5;
446, 446 -647.72 167.15 0 20;
447, 447 -204.85 -225.61 8 6;
448, 448 -606.52 177.7 1 20;
449, 449 -205.93 -240.68 8 5;
450, 450 -598.77 177.89 1 20;
451, 451 -220.69 -234.74 8 5;
452, 452 -605.43 170.02 1 20;
453, 453 -221.16 -222.19 8 6;
454, 454 -228.97 -207.06 7 6;
455, 455 -598.04 170.32 1 20;
456, 456 -214.58 -200.22 8 7;
457, 457 -211.06 -186.08 8 7;
458, 458 -457.34 137.48 3 19;
459, 459 -213.42 -175.94 8 7;
460, 460 -457.23 129.04 3 18;
461, 461 -142.14 44.18 9 15;
462, 462 -140.16 37.59 9 15;
463, 463 -121.86 46.35 9 15;
464, 464 -244.03 -231.08 7 5;
465, 465 -115.84 48.24 9 15;
466, 466 -266.11 -230.78 7 5;
467, 467 -276.81 -392.2 7 0;
468, 468 -117.58 54.15 9 16;
469, 469 -278.91 -377.62 6 0;
470, 470 -121.35 68.99 9 16;
471, 471 -281.64 -359.03 6 1;
472, 472 -285.81 -393.59 6 0;
473, 473 -110.29 72.33 9 16;
474, 474 -287.73 -379.01 6 0;
475, 475 -106.17 57.27 10 16;
476, 476 -290.17 -363.31 6 1;
477, 477 -291.88 -351.4 6 1;
478, 478 -104.17 51.46 10 16;
479, 479 -288.82 -343.25 6 1;
480, 480 -98.24 53.35 10 16;
481, 481 -290.45 -331.89 6 2;
482, 482 -291.9 -320.1 6 2;
483, 483 -79.97 61.11 10 16;
484, 484 -279.9 -327.54 6 2;
485, 485 -78.5 54.64 10 16;
486, 486 -287.22 -281.78 6 4;
487, 487 -69.44 54.8 10 16;
488, 488 -297.77 -276.47 6 4;
489, 489 -63.64 49.59 10 16;
490, 490 -299.32 -265.34 6 4;
491, 491 -305.75 -298.3 6 3;
492, 492 -54.94 44.43 10 15;
493, 493 -306.44 -293.18 6 3;
494, 494 -48.73 51.86 11 16;
495, 495 -132.3 -105.97 9 10;
496, 496 -138.33 -85.1 9 11;
497, 497 -41.33 47.5 11 15;
498, 498 -124.09 -81.26 9 11;
499, 499 -56.6 63.33 10 16;
500, 500 -123.76 -68.61 9 11;
501, 501 -129.83 -49.85 9 12;
502, 502 -69.47 71.79 10 16;
503, 503 -132.54 -25.38 9 13;
504, 504 -49.43 75.07 11 16;
505, 505 -140. -0.93 9 14;
506, 506 -149.24 22.33 9 15;
507, 507 -40.21 74.23 11 16;
508, 508 -165.61 36.19 8 15;
509, 509 -32.47 78.53 11 17;
510, 510 -173.42 28.12 8 15;
511, 511 -28.85 65.47 11 16;
512, 512 -165.23 0.32 9 14;
513, 513 -25.21 52.97 11 16;
514, 514 -176.76 9.64 8 14;
515, 515 -193.11 5.62 8 14;
516, 516 -36.63 58.74 11 16;
517, 517 -193.88 -25.56 8 13;
518, 518 -191.67 -34.59 8 12;
519, 519 -41.08 243.09 11 23;
520, 520 -151.54 -48.22 9 12;
521, 521 -20.95 218.62 11 22;
522, 522 -159.8 -61.72 9 12;
523, 523 -206.76 -88.03 8 11;
524, 524 -15.43 208.2 11 21;
525, 525 -211. -65.64 8 11;
526, 526 -16.18 177.91 11 20;
527, 527 -227.4 -39.58 7 12;
528, 528 -224.03 -10. 7 13;
529, 529 -7.6 175.08 11 20;
530, 530 -217.68 9.64 8 14;
531, 531 -3.14 187.98 11 21;
532, 532 69.93 25.87 13 15;
533, 533 7.2 190.34 12 21;
534, 534 62.23 4.71 13 14;
535, 535 47.38 43.28 12 15;
536, 536 20.73 198.75 12 21;
537, 537 41.69 63.81 12 16;
538, 538 32.43 188.76 12 21;
539, 539 38.13 126.93 12 18;
540, 540 40.68 117.89 12 18;
541, 541 47.28 192.7 12 21;
542, 542 24.76 132.07 12 19;
543, 543 48.86 206.32 12 21;
544, 544 27.78 101.04 12 17;
545, 545 8.42 86.42 12 17;
546, 546 11.7 143.97 12 19;
547, 547 -24.76 170.85 11 20;
548, 548 -35.04 129.53 11 18;
549, 549 -26.05 102.16 11 17;
550, 550 -18.22 78.7 11 17;
551, 551 -53.65 150.3 11 19;
552, 552 -54.91 162.87 10 20;
553, 553 -73.87 165.11 10 20;
554, 554 -115.39 166.12 9 20;
555, 555 -143.47 123.57 9 18;
556, 556 -144.21 219.94 9 22;
557, 557 -152.32 214.32 9 21;
558, 558 -495.27 43.61 3 15;
559, 559 -147.68 236.21 9 22;
560, 560 -472.63 59.06 3 16;
561, 561 -149.89 254.46 9 23;
562, 562 -133.67 232.73 9 22;
563, 563 -135.54 269.18 9 23;
564, 564 -429.24 3.41 4 14;
565, 565 -106.01 271.95 10 24;
566, 566 -402.69 53.97 4 16;
567, 567 -93.24 291.14 10 24;
568, 568 -35.13 -353.24 11 1;
569, 569 -84.38 298.96 10 25;
570, 570 -431.52 69.28 4 16;
571, 571 -66.16 294.51 10 24;
572, 572 -57.66 320.88 10 25;
573, 573 -16.57 16.51 11 14;
574, 574 -33.19 264.92 11 23;
575, 575 -420.52 116.02 4 18;
576, 576 -27.52 257.71 11 23;
577, 577 -19.29 26.33 11 15;
578, 578 -24.36 247.77 11 23;
579, 579 -474.09 187.08 3 20;
580, 580 -26.26 240.37 11 22;
581, 581 35.61 395.84 12 28;
582, 582 488.64 -155.59 20 8;
583, 583 493.05 -173.77 20 7;
584, 584 -170.26 275.82 8 24;
585, 585 -177.21 219.56 8 22;
586, 586 -308.8 35.22 6 15;
587, 587 507.22 -220.32 21 6;
588, 588 -196.02 285.86 8 24;
589, 589 514.28 -242.88 21 5;
590, 590 -204.1 263.69 8 23;
591, 591 -243.96 -21.73 7 13;
592, 592 -222.77 258.05 7 23;
593, 593 518.17 -260.82 21 4;
594, 594 -239.24 238.27 7 22;
595, 595 -231.54 -63.15 7 11;
596, 596 521.43 -279.2 21 4;
597, 597 -247.84 225.44 7 22;
598, 598 -221.29 -79.43 8 11;
599, 599 -244.48 212.5 7 21;
600, 600 -265.64 200.8 7 21;
601, 601 -223.88 -161.09 7 8;
602, 602 -278.4 224.35 6 22;
603, 603 -162.04 -218.42 9 6;
604, 604 -279.52 202.28 6 21;
605, 605 390.15 110.67 18 18;
606, 606 -256.25 166.77 7 20;
607, 607 -259.36 127.98 7 18;
608, 608 -167.12 -123.41 8 9;
609, 609 -272.76 112.35 7 18;
610, 610 -278.08 91.7 6 17;
611, 611 -157.06 303.99 9 25;
612, 612 -283.21 71.37 6 16;
613, 613 -248.19 75.93 7 16;
614, 614 -174.78 250.49 8 23;
615, 615 -154.37 81.82 9 17;
616, 616 -150.78 99.73 9 17;
617, 617 -171.89 104.91 8 18;
618, 618 -178.47 129.12 8 18;
619, 619 -183.68 104.79 8 18;
620, 620 -203.75 193.31 8 21;
621, 621 -187.06 280.8 8 24;
622, 622 -209.01 184.75 8 20;
623, 623 -211.78 168.71 8 20;
624, 624 -215.65 149.91 8 19;
625, 625 -221.65 125.6 7 18;
626, 626 -302.7 78.84 6 17;
627, 627 -217.67 108.43 8 18;
628, 628 -405.39 190.78 4 21;
629, 629 -225.03 109.68 7 18;
630, 630 -283.01 138.08 6 19;
631, 631 -247.64 7.42 7 14;
632, 632 -274.09 144.46 7 19;
633, 633 -263.02 -15.04 7 13;
634, 634 -245.18 -72.44 7 11;
635, 635 -588.51 59.8 1 16;
636, 636 -246.11 -98.39 7 10;
637, 637 -597.56 60.53 1 16;
638, 638 -247.32 -172.08 7 8;
639, 639 -606.44 60.59 1 16;
640, 640 -263.74 -114.38 7 10;
641, 641 -602.83 37.43 1 15;
642, 642 -267.8 -91.66 7 10;
643, 643 -276.87 -115.24 7 10;
644, 644 -577.91 24.19 1 15;
645, 645 -271.95 -129.54 7 9;
646, 646 -613.95 72.94 0 16;
647, 647 -264.66 -158.43 7 8;
648, 648 -272.83 -176.15 7 7;
649, 649 -666.24 132.42 0 19;
650, 650 -289.21 -190.83 6 7;
651, 651 -660.38 102.9 0 17;
652, 652 -290.31 -221.33 6 6;
653, 653 -306.81 -210.03 6 6;
654, 654 -661.33 117.68 0 18;
655, 655 -299.58 -190.52 6 7;
656, 656 -431.46 21.21 4 15;
657, 657 -657.26 90.85 0 17;
658, 658 -288.01 -164.54 6 8;
659, 659 -294.07 -136.01 6 9;
660, 660 -650.37 78.18 0 17;
661, 661 -298.82 -126.48 6 9;
662, 662 -640.36 67.77 0 16;
663, 663 -292.68 -113.5 6 10;
664, 664 -299.67 -101.71 6 10;
665, 665 -310.15 -115.95 6 10;
666, 666 -326.35 -121.08 6 9;
667, 667 -556.85 86.4 2 17;
668, 668 -308.64 -143.28 6 9;
669, 669 -315.87 -177.12 6 7;
670, 670 -328.52 62.45 6 16;
671, 671 -315.02 -201.89 6 6;
672, 672 -314.37 -228.1 6 6;
673, 673 -328.67 -244.37 6 5;
674, 674 367.58 -215.27 18 6;
675, 675 -328.37 -214.62 6 6;
676, 676 -327.79 -197.54 6 7;
677, 677 -326.56 -165.15 6 8;
678, 678 -340.2 -113.72 5 10;
679, 679 -211.83 138.07 8 19;
680, 680 270.31 -212.55 16 6;
681, 681 -351.26 -117.17 5 10;
682, 682 -207.53 128.11 8 18;
683, 683 -372.95 -123.76 5 9;
684, 684 -187.14 135.83 8 19;
685, 685 292.18 -266.25 17 4;
686, 686 -376.69 -140.34 5 9;
687, 687 -139.34 141.92 9 19;
688, 688 -365.05 -157.65 5 8;
689, 689 305.28 -285.47 17 3;
690, 690 -130.07 152.74 9 19;
691, 691 -348.99 -169.05 5 8;
692, 692 -188.18 174.15 8 20;
693, 693 307.02 -295.83 17 3;
694, 694 -357.01 -202.43 5 6;
695, 695 -172.35 178.4 8 20;
696, 696 -380.07 -203.1 5 6;
697, 697 -166.14 190.38 8 21;
698, 698 -344.68 -225.3 5 6;
699, 699 -179.44 194.41 8 21;
700, 700 -344.23 -243.85 5 5;
701, 701 -340.71 -253.02 5 5;
702, 702 363.2 -284.45 18 3;
703, 703 -354.3 -255.1 5 5;
704, 704 -361.8 -232.53 5 5;
705, 705 -382.34 -225.48 5 6;
706, 706 -406.97 -210.7 4 6;
707, 707 -153.24 188.92 9 21;
708, 708 -424.63 -186.06 4 7;
709, 709 354.52 -292.17 18 3;
710, 710 -436.81 -164.51 4 8;
711, 711 -128.69 188.57 9 21;
712, 712 360.52 -296.39 18 3;
713, 713 -431.91 -142.74 4 9;
714, 714 -132.63 203.85 9 21;
715, 715 -444.7 -144.5 4 9;
716, 716 354.52 -269.08 18 4;
717, 717 -448.74 -139.09 3 9;
718, 718 -458.66 -147.34 3 8;
719, 719 -390.28 -156.18 4 8;
720, 720 -397.1 -130.52 4 9;
721, 721 -405.56 -149.9 4 8;
722, 722 -443.84 -112.54 4 10;
723, 723 -453.11 -86.39 3 11;
724, 724 247.98 -192.71 16 7;
725, 725 -460.86 -86.91 3 11;
726, 726 -464.75 -101.71 3 10;
727, 727 326.75 -83.73 17 11;
728, 728 -461.12 -68.04 3 11;
729, 729 -470.35 -58.09 3 12;
730, 730 -464.69 -42.44 3 12;
731, 731 67.8 43.45 13 15;
732, 732 -461.71 -24.4 3 13;
733, 733 -483.27 -15.33 3 13;
734, 734 49.53 96.75 12 17;
735, 735 68.89 101.49 13 17;
736, 736 -472.02 -150.97 3 8;
737, 737 -470.35 -128.14 3 9;
738, 738 191.7 -148.36 15 8;
739, 739 -484.8 -129.09 3 9;
740, 740 288.18 346.14 17 26;
741, 741 -478.17 -108.9 3 10;
742, 742 16.12 -117.09 12 10;
743, 743 -492.72 -157.24 3 8;
744, 744 273.77 352.18 16 26;
745, 745 29.94 -107.25 12 10;
746, 746 200.47 450.24 15 30;
747, 747 -518.94 -133.55 2 9;
748, 748 -36.94 -79.57 11 11;
749, 749 -513.82 -165.17 2 8;
750, 750 190.84 438.77 15 30;
751, 751 11.63 -93.8 12 10;
752, 752 -530.22 -171.86 2 8;
753, 753 151.35 444.39 14 30;
754, 754 -532.59 -162.26 2 8;
755, 755 22.9 -70.26 12 11;
756, 756 -546.45 -178.32 2 7;
757, 757 159.82 408.16 14 28;
758, 758 -543.08 -158.4 2 8;
759, 759 13.6 -35.9 12 12;
760, 760 217.21 324.6 15 25;
761, 761 -548.08 -148.43 2 8;
762, 762 5.16 -2.33 12 14;
763, 763 -543.5 -138.64 2 9;
764, 764 237.01 296.7 16 24;
765, 765 -564.51 -151.45 1 8;
766, 766 229.99 307.27 16 25;
767, 767 -576.07 -144.24 1 9;
768, 768 218.66 308.48 15 25;
769, 769 -23.51 40.51 11 15;
770, 770 -580.19 -152.6 1 8;
771, 771 -591.7 -123.52 1 9;
772, 772 -640.52 -192.53 0 7;
773, 773 56.1 6.6 12 14;
774, 774 -628.23 -194.32 0 7;
775, 775 62.53 -21.16 13 13;
776, 776 -634.31 -162.12 0 8;
777, 777 -620.55 -155.72 0 8;
778, 778 37.08 -27.12 12 13;
779, 779 -615.3 -194.34 0 7;
780, 780 -598.38 -193.33 1 7;
781, 781 -581.43 -190.32 1 7;
782, 782 49.1 -103.94 12 10;
783, 783 -563.2 -184.89 1 7;
784, 784 53.99 -119.8 12 9;
785, 785 -576.57 -76.96 1 11;
786, 786 -589.23 -52.97 1 12;
787, 787 64.87 -135.88 13 9;
788, 788 -611.31 -48.22 1 12;
789, 789 84.01 -114.7 13 10;
790, 790 -617.29 -24.91 0 13;
791, 791 -601.32 -8.67 1 13;
792, 792 80.45 -102.54 13 10;
793, 793 -550.17 -35.05 2 12;
794, 794 -567.48 -5.75 1 14;
795, 795 -565.96 13.98 1 14;
796, 796 1. 4.03 11 14;
797, 797 -583.21 37.28 1 15;
798, 798 -611.94 48.81 1 16;
799, 799 997.26 -22.91 29 13;
800, 800 -662.42 143.79 0 19;
801, 801 1. 20.18 11 14;
802, 802 -643.56 145.54 0 19;
803, 803 1. 24.96 11 15;
804, 804 -581.76 81.32 1 17;
805, 805 -389.25 187.81 4 21;
806, 806 1. 47.52 11 15;
807, 807 -380.92 205.08 5 21;
808, 808 -567.12 83.27 1 17;
809, 809 -419.07 179.05 4 20;
810, 810 -423.3 141.39 4 19;
811, 811 -572.95 114.9 1 18;
812, 812 -354. 130.09 5 18;
813, 813 1. 86.59 11 17;
814, 814 -347.56 201.01 5 21;
815, 815 -553.16 114.31 2 18;
816, 816 -374.85 83.42 5 17;
817, 817 -539.31 102.39 2 17;
818, 818 1. 56.1 11 16;
819, 819 -364.28 158.7 5 19;
820, 820 -420.67 127.13 4 18;
821, 821 -553.81 70.58 2 16;
822, 822 514.65 -91.59 21 10;
823, 823 -405.65 125.4 4 18;
824, 824 -522.06 4.16 2 14;
825, 825 -517.14 -24.13 2 13;
826, 826 -492.86 12.71 3 14;
827, 827 -481.24 27.03 3 15;
828, 828 -522.11 104.29 2 18;
829, 829 -525.94 130.11 2 18;
830, 830 -527.08 148.56 2 19;
831, 831 -529.39 166.36 2 20;
832, 832 -534.49 185. 2 20;
833, 833 -548.61 183.04 2 20;
834, 834 -512.17 178.81 2 20;
835, 835 -488.77 174.03 3 20;
836, 836 -451.18 184.32 3 20;
837, 837 -388.48 233.75 5 22;
838, 838 -391.86 264.45 4 23;
839, 839 -365.63 227.55 5 22;
840, 840 -340.26 219.41 5 22;
841, 841 -325.19 178.5 6 20;
842, 842 -309.52 225.61 6 22;
843, 843 -307.39 198.48 6 21;
844, 844 -306.68 152.29 6 19;
845, 845 -309.95 114.27 6 18;
846, 846 -325.95 100.7 6 17;
847, 847 -510.71 102.07 2 17;
848, 848 -468.98 112.83 3 18;
849, 849 -445.1 91.18 4 17;
850, 850 -450.26 36.77 3 15;
851, 851 -406.99 73.14 4 16;
852, 852 -415.53 -6.51 4 14;
853, 853 -392.87 -8.82 4 13;
854, 854 -356.39 -1.3 5 14;
855, 855 -360.4 -32.08 5 13;
856, 856 -326.95 -22.5 6 13;
857, 857 -321.06 10.25 6 14;
858, 858 -319.36 49.07 6 16;
859, 859 -300.4 18.52 6 14;
860, 860 -289.21 38.18 6 15;
861, 861 -277.76 19.76 6 14;
862, 862 -284.14 -0.99 6 14;
863, 863 -602.58 223.47 1 22;
864, 864 -602.15 208.92 1 21;
865, 865 90.34 461.3 13 30;
866, 866 136.51 464.54 14 31;
867, 867 150.18 452.63 14 30;
868, 868 167.14 446.76 14 30;
869, 869 166.39 453.55 14 30;
870, 870 166.23 402.71 14 28;
871, 871 168.01 417.99 14 29;
872, 872 176.48 428.27 15 29;
873, 873 182.37 423.72 15 29;
874, 874 181.45 435.61 15 29;
875, 875 185.35 455.63 15 30;
876, 876 527.06 -91.71 21 10;
877, 877 870.37 -70.27 27 11;
878, 878 887.65 -45.17 27 12;
879, 879 905.4 -51.05 28 12;
880, 880 944.87 -20.04 28 13;
881, 881 957.23 -32.26 29 13;
882, 882 977.96 -33.98 29 13;
883, 883 989.89 -59.73 29 12;
884, 884 165.48 170.5 14 20;
885, 885 172.04 163.6 15 20;
886, 886 162.34 190.65 14 21;
887, 887 152.58 205.48 14 21;
888, 888 156.83 211.51 14 21;
889, 889 155.79 221.85 14 22;
890, 890 144.14 233.73 14 22;
891, 891 136.96 263.94 14 23;
892, 892 136.57 280.71 14 24;
893, 893 134.58 305.95 14 25;
894, 894 117.28 335.58 14 26;
895, 895 139.69 320.06 14 25;
896, 896 162.09 308.99 14 25;
897, 897 174.18 240.6 15 22;
898, 898 187.18 244.02 15 23;
899, 899 202.84 248.5 15 23;
900, 900 214.62 252.39 15 23;
901, 901 189.26 162.17 15 20;
902, 902 206.08 167.63 15 20;
903, 903 216.67 169.2 15 20;
904, 904 237.98 175.13 16 20;
905, 905 238.19 350.07 16 26;
906, 906 238.32 343.41 16 26;
907, 907 243.14 356.09 16 27;
908, 908 238.52 377.37 16 27;
909, 909 251.06 379.8 16 27;
910, 910 255.21 357.3 16 27;
911, 911 264.78 346.69 16 26;
912, 912 262.83 336.18 16 26;
913, 913 273.65 326.65 16 26;
914, 914 304.57 328.51 17 26;
915, 915 295.65 317.69 17 25;
916, 916 286.14 307.77 17 25;
917, 917 306.69 305.83 17 25;
918, 918 318.81 309.04 17 25;
919, 919 321.73 314.87 17 25;
920, 920 331.15 315.14 17 25;
921, 921 329.13 352.59 17 26;
922, 922 342.94 343. 18 26;
923, 923 353.71 335.58 18 26;
924, 924 361.68 329.11 18 26;
925, 925 372.94 319.35 18 25;
926, 926 377.17 296.51 18 24;
927, 927 382.36 310.07 18 25;
928, 928 392.02 299.79 18 25;
929, 929 388.93 275.65 18 24;
930, 930 403.97 252.05 19 23;
931, 931 413.54 269.86 19 23;
932, 932 403.5 283.37 19 24;
933, 933 408.37 303.92 19 25;
934, 934 424.94 258.21 19 23;
935, 935 301. 241.88 17 22;
936, 936 298.36 264.8 17 23;
937, 937 304.18 256.37 17 23;
938, 938 325.4 238.43 17 22;
939, 939 336.64 232.45 17 22;
940, 940 347.37 302.29 18 25;
941, 941 357.31 288.34 18 24;
942, 942 359.82 276.86 18 24;
943, 943 364.5 263.23 18 23;
944, 944 355.05 257.08 18 23;
945, 945 234.66 -255.4 16 5;
946, 946 236.81 -267.32 16 4;
947, 947 238.43 -279.67 16 4;
948, 948 240.4 -291.69 16 3;
949, 949 244.43 -316.08 16 2;
950, 950 242.45 -304.17 16 3;
951, 951 200.77 -311.82 15 2;
952, 952 202.68 -323.07 15 2;
953, 953 197.11 -286.77 15 3;
954, 954 198.89 -299.69 15 3;
955, 955 193.88 -261.74 15 4;
956, 956 195.32 -274.31 15 4;
957, 957 -349.45 -394.83 5 0;
958, 958 -542.33 -239.79 2 5;
959, 959 -544.73 -227.31 2 6;
960, 960 -546.47 -217.06 2 6;
961, 961 -572.16 -244.77 1 5;
962, 962 -575.01 -227.51 1 6;
963, 963 -578.08 -213.14 1 6;
964, 964 -633.75 -253.38 0 5;
965, 965 -635.83 -237.91 0 5;
966, 966 -637.67 -223.45 0 6;
967, 967 -612.06 -218.71 1 6;
968, 968 -609.7 -233.41 1 5;
969, 969 -606.92 -249.45 1 5;
970, 970 -470.98 -77.4 3 11;
971, 971 191.17 -312.42 15 2;
972, 972 918.9 -110.25 28 10;
973, 973 279.37 275.48 16 24;
974, 974 -256.96 -282.24 7 4;
975, 975 292.83 -123.5 17 9;
976, 976 326.33 -120.36 17 9;
977, 977 -629.08 147.82 0 19;
978, 978 168.95 8.7 14 14;
979, 979 -637.6 50.85 0 16;
980, 980 -590.98 7.79 1 14;
981, 981 -581.98 -4.7 1 14;
982, 982 -579.04 -26.29 1 13;
983, 983 -569.2 -45.46 1 12;
984, 984 -605.32 -141.36 1 9;
985, 985 -581.71 -102.17 1 10;
986, 986 -578.52 52.95 1 16;
987, 987 -492.13 102.94 3 17;
988, 988 -463.08 98.84 3 17;
989, 989 -459.82 85.24 3 17;
990, 990 -498.38 -140.04 3 9;
991, 991 174. 20.04 15 14;
992, 992 -143.47 123.57 9 18;
993, 993 -143.47 123.57 9 18;
994, 994 -143.47 123.57 9 18;
995, 995 -187.14 135.83 8 19;
996, 996 -217.68 9.64 8 14;
997, 997 -176.76 9.64 8 14;
998, 998 -176.76 9.64 8 14;
999, 999 -247.64 7.42 7 14;
1000, 1000 -191.67 -34.59 8 12;
1001, 1001 -191.67 -34.59 8 12;
1002, 1002 -243.96 -21.73 7 13;
1003, 1003 -181.37 -80.96 8 11;
1004, 1004 -181.37 -80.96 8 11;
1005, 1005 -181.37 -80.96 8 11;
1006, 1006 -181.37 -80.96 8 11;
1007, 1007 -206.76 -88.03 8 11;
1008, 1008 -138.33 -85.1 9 11;
1009, 1009 -138.33 -85.1 9 11;
1010, 1010 -123.76 -68.61 9 11;
1011, 1011 -69.47 71.79 10 16;
1012, 1012 -69.47 71.79 10 16;
1013, 1013 -26.05 102.16 11 17;
1014, 1014 -26.05 102.16 11 17;
1015, 1015 -26.05 102.16 11 17;
1016, 1016 143.4 161.37 14 20;
1017, 1017 143.4 161.37 14 20;
1018, 1018 189.26 162.17 15 20;
1019, 1019 102.17 112.19 13 18;
1020, 1020 -20.88 -39.69 11 12;
1021, 1021 -20.88 -39.69 11 12;
1022, 1022 -20.88 -39.69 11 12;
1023, 1023 -20.88 -39.69 11 12;
1024, 1024 -20.88 -39.69 11 12;
1025, 1025 87.69 -45.28 13 12;
1026, 1026 22.9 -70.26 12 11;
1027, 1027 22.9 -70.26 12 11;
1028, 1028 124.68 -71.62 14 11;
1029, 1029 124.68 -71.62 14 11;
1030, 1030 124.68 -71.62 14 11;
1031, 1031 124.68 -71.62 14 11;
1032, 1032 257.26 20.8 16 14;
1033, 1033 257.26 20.8 16 14;
1034, 1034 257.26 20.8 16 14;
1035, 1035 257.26 20.8 16 14;
1036, 1036 257.26 20.8 16 14;
1037, 1037 108.85 -33.69 13 13;
1038, 1038 107.61 -62.08 13 12;
1039, 1039 -23.51 40.51 11 15;
1040, 1040 5.16 -2.33 12 14;
1041, 1041 -31.09 -194.35 11 7;
1042, 1042 -31.09 -194.35 11 7;
1043, 1043 -3.32 -186.99 11 7;
1044, 1044 -3.32 -186.99 11 7;
1045, 1045 -3.32 -186.99 11 7;
1046, 1046 -31.09 -194.35 11 7;
1047, 1047 -31.09 -194.35 11 7;
1048, 1048 -31.09 -194.35 11 7;
1049, 1049 -31.09 -194.35 11 7;
1050, 1050 49.76 -180.99 12 7;
1051, 1051 39.14 -165.7 12 8;
1052, 1052 78.49 -173.99 13 7;
1053, 1053 78.49 -173.99 13 7;
1054, 1054 78.49 -173.99 13 7;
1055, 1055 78.49 -173.99 13 7;
1056, 1056 78.49 -173.99 13 7;
1057, 1057 78.49 -173.99 13 7;
1058, 1058 138.26 -130.93 14 9;
1059, 1059 171.81 -124.79 15 9;
1060, 1060 191.7 -148.36 15 8;
1061, 1061 191.7 -148.36 15 8;
1062, 1062 275.3 -124.4 16 9;
1063, 1063 275.3 -124.4 16 9;
1064, 1064 138.26 -130.93 14 9;
1065, 1065 -130.14 -136.43 9 9;
1066, 1066 -130.14 -136.43 9 9;
1067, 1067 -130.14 -136.43 9 9;
1068, 1068 -263.57 11.72 7 14;
1069, 1069 -247.64 7.42 7 14;
1070, 1070 -217.68 9.64 8 14;
1071, 1071 -232.85 -188.67 7 7;
1072, 1072 62.53 -21.16 13 13;
1073, 1073 -53.65 150.3 11 19;
1074, 1074 139.57 -168.92 14 8;
1075, 1075 -287.22 -281.78 6 4;
1076, 1076 -108.28 -256.28 10 4;
1077, 1077 -108.28 -256.28 10 4;
1078, 1078 -108.28 -256.28 10 4;
1079, 1079 -581.76 81.32 1 17;
1080, 1080 237.01 296.7 16 24;
